104
金世一 fqzgyxb 2
0 3114 1.18 8.44 87 213 54 33
0 2627 1.17 8.67 88 78 46 4
童泽华 夏虫不可語冰 2
0 2624 1.26 8.94 92.95 62 58 10
1 2407 1.25 12.81 97 76 55
张方泽 国服韩信丶 3
0 2437 1.14 8.51 85.17 42 60 2
0 2763 1.15 8.36 87.16 115 50 17
0 2466 1.19 5.15 86.77 30 63 3
张健铭 尖尖少爷 1
0 2786 1.14 8.31 88.92 186 52 24
杨顺成 倾君吟安丶 3
0 2722 1.05 8.38 77.31 212 50 7
0 2863 1.05 8.27 76.83 317 49 19
0 2660 1.07 5.00 74.85 169 53 12
王鑫赫 大黑牛ybb 3
0 2655 1.18 5 84 78 55 11
0 2636 1.10 7.95 83 129 50 6
0 2605 1.04 7.83 78 143 50 1
彭炘旺 会者定离Lion 3
0 2416 0.99 7.56 75 254 47 1
0 2615 0.99 7.61 75 381 43 10
0 2179 1.10 4.90 82 201 48
文春波 freeman 3
0 2643 1.08 5.12 80.04 93 54 7
0 2634 1.03 7.87 77.42 106 56 10
0 2242 1.06 8.04 81.07 28 61
王益辉 狗狗朱迪笑嘻嘻 3
0 2503 1.06 7.85 81 76 54 4 2
0 2750 1.03 7.88 78 241 47 10
0 2685 1.05 4.96 75 178 52 10
吾尔肯 Fion98-iwnl 3
0 2447 1.09 7.79 84.10 125 42 0
0 2723 1.08 8.02 82.28 157 48 11
0 2515 1.20 4.97 87.43 127 44 10
肖剑波 冷静瞄准自信对枪 3
0 2418 1.15 5.09 78.43 81 57 0
0 2757 1 7.92 72.12 309 46 10
0 2453 1.06 8.12 78.04 194 46 1
王帅 pledgezzZ1218 3
0 2050 1.08 8.34 82.12 59 46
0 2411 0.98 7.81 74.54 164 45 0
0 2660 1.07 4.94 76.64 250 44 10
蔡宇峰 圆满666 2
0 2510 1.13 5 81 145 48 2
0 2658 1.08 7.97 81 109 49 9
陆泽敏 今天还没练枪吗 3
0 2345 1.23 9.46 91.22 36 58
0 2519 1.23 8.94 92.41 61 54 4
0 2451 1.45 5.00 104.38 52 62 2
张靖 宋亚轩我们喜欢你 3
0 2620 1.00 7.84 74 123 55 5
0 2447 0.99 7.77 73 186 47 0
0 2438 1.11 5.04 80 140 51 6
王准 Special. 3
0 2610 1.18 5.00 83.92 143 50 13
0 2796 1.04 7.88 77.76 360 48 8
0 2451 1.03 7.93 77.27 226 46 1
王嘉昊 95h 3
0 2469 1.2 5 84.2 53 50 3
0 2401 1.2 5.83 89 56 51 0
0 2430 1.2 5.79 93 48 50 1
牟炳泉 Gadot! 2
0 2434 1.28 9.20 96 33 64 0
0 2503 1.03 7.55 77.4 191 45 2
卢经宇 Sasuke& 3
0 2350 1.04 7.89 78.13 38 61
0 2479 1.01 7.73 74.80 87 51 2
0 2464 1.05 5 79.29 119 50 2
庄原 香克斯 1
1 2120 1.15 13.48 83 5 100
王洪刚 上分如上坟 1
1 2218 1.12 11.85 68 7 100
石其伟 描边大师-有聊 3
0 1845 1.21 8.75 95 20 55
0 2015 1.07 7.7 82 31 45
1 2439 0.91 9.65 78 196 43
刘文韬 余任飞 2
1 1892 1.21 11.65 88 8 50
1 1824 1.07 11.19 90 47 55
李博文 西兰卡斯 3
1 1306 1.22 13.21 94 14 57
1 1409 1.16 12.53 92 55 55
1 1536 1.07 11.88 91 36 50
易俊舟 神·饺子 1
0 1101 1.14 9.31 85.14 7 43
胡洪玮 1nfinite 1
0 1508 1.07 4.98 82 197 46
郭文涛 惠惠酱永远的神 1
0 1617 1.46 12 103.95 21 67
董和嘉 饺子不爱吃饺子 1
0 1411 1.13 5.01 83.38 32 41
胡晨羲 GeTLeFt123 2
0 1989 1.04 8.40 73.35 23 57
1 1968 1.12 10.58 84 54 46
肖子超 半斤炒肉丝 3
0 1903 1.07 5.03 82.72 187 48
0 1812 1.13 5.10 86.97 350 44
0 1881 1.12 5.00 84.22 50 58
吕婧 神探辛迪瑞拉 1
0 1610 0.96 7.56 72.4 130 44
李子旸 通透世界 3
0 2015 1.13 5 79.78 80 46
0 1755 1.19 8.36 86.98 60 40
0 1654 1.29 9.73 97.03 70 44
肖振廷 五仁月饼 3
0 1327 1.00 5.17 84.27 22 45
0 1306 0.67 3.36 53.25 8 50
0 1204 0.94 7.25 71.92 39 36
蒙星潮 清补凉爆爆珠 3
0 1901 1.05 7.9 78.95 20 50
0 2159 1.30 8.33 93.30 23 61
0 2006 1.30 6.67 95.8 20 50
何仲理 Orange_dude 1
0 1850 1.12 8.9 78 9 67
陈杰 半条命1980 1
0 1763 0.99 7.78 73.69 91 47 
孙磊 打殒命大厦吃和成天下 1
0 2007 1.06 7.94 81 41 51
哈力木热提·买土送 imHalmurat 1
0 1680 1.3 9.98 94.98 36 58
王霜 上班如上坟 2
0 2116 1.17 8.35 88.88 8 88
0 2068 1.61 5 114.76 19 58
张光磊 18ly 1
0 2404 1.07 5.05 76.3 50 62 0
易斯龙 yijobs 1
0 1238 1.28 10.01 97 8 25
陈安徽 渔崽爱你哟 3
0 2121 1.11 5.19 80.61 252 44
0 2412 1.14 5.11 85.81 209 47 1
0 2258 1.17 5.00 83.32 25 60 
王琳 Romantlc 3
0 1465 1 5.18 85.57 40 50
0 1601 1.01 4.99 75.38 42 57
0 1606 1.01 5.02 79.55 31 48
牛弘毅 要你命神医喜来乐 2
0 1627 1.12 8.43 54.80 114 51
1 1695 0.96 9.72 73 37 57
庞海滨 Cloud_CE12800 1
0 1528 1.05 7.94 81.12 131 46
黄恩伟 2023happygo 2
0 2427 1.1 5 76 60 62 1
0 2272 1.01 7.9 75 84 49 
孙金宝 cf高手 3
0 2401 1.21 5.88 86 27 67 1
0 2546 1.24 5.09 87 41 63 8
0 2466 1.2 8.42 88 44 52 1
董宜斐 真不好意思又白送了 3
0 2026 1.06 7.74 82 91 56
0 2065 1.18 5.00 85 119 50
0 1671 1.10 7.83 85 190 43 
张莅辰 天佑张哥 1
0 1615 1 7.33 73.78 51 47
杨宵 青青草原第一自由人 3
0 1481 1.26 9.59 101.22 9 44
0 1496 0.95 7.68 70.84 84 48
0 1643 1.69 5.00 122.76 25 48 
殷佳豪 永野いち夏~ 3
0 2404 1.32 10.13 96.97 34 59 0
0 2282 1.21 8.72 92.95 29 59
0 2273 1.38 5.00 96.78 19 58 
刘彬元 Razavi 2
0 1680 1.1 8.33 83.78 51 47
1 2107 1.1 13.7 80 5 80
姚帅 CanCanNeedDool 3
0 1417 1.04 8.03 79.77 13 31
0 1023 1.09 5.04 80.7 56 36
0 997 1.11 5.18 89.42 48 29
卢虹学 allux 4
0 1891 1.1 8.32 83.1 10 50
0 2006 1.27 5 88.96 25 48
0 1997 1.3 5.89 96.68 19 68
1 1836 1.3 13.2 94 14 50
钟汉明 骚0情歌 3
0 1428 0.96 5.00 72 7 43
0 1753 1.17 8.64 93.60 47 49
0 1841 1.07 7.88 83.41 59 47
张文彬 Rem__ 1
0 1754 1.10 8.26 81.52 27 56
蔡明港 安格斯牛堡 3
0 1799 1.25 9.60 96.53 34 50
0 2105 1.15 5.00 81.87 31 52
0 2144 1.25 6.11 89.74 19 63
岳婉霏 梅花豹 1
0 1820 0.96 7.49 73.97 29 38
邹品涵 枪法软意识差不会道具不说话 3
0 2039 1.15 8.93 85 20 60
0 2203 1.1 8.76 80 9 78
0 2059 1.23 5 86 18 44
赵飞鸿 抠脚狂魔LHM79 1
0 1150 0.77 4.99 0.78 76 41
陈士钊 派大星Freeman 3
0 1939 1.04 8.00 80.15 87 44
0 2171 1.07 8.13 82.92 236 48
0 2035 1.17 5.00 84.65 82 54
杨浩 浩荡 3
0 1508 0.86 6.97 65 63 48
0 1681 0.96 7.67 72 93 49
0 1618 1.03 5.0 74 104 46 
程松涛 BALD-PEEK_Morr1s 3
0 2036 0.94 7.43 72 22 50
0 2098 1.07 7.93 78 15 73
0 2088 1.20 5.62 84 37 70
黄杰铭 阿铭同学 1
0 1822 0.85 6.92 62.81 27 44
张恭杰 城南觅清欢 3
0 1856 1.09 8.24 84.14 14 36
0 2097 1.09 7.92 78.95 94 54
0 1909 1.14 5 80.79 52 52
陈凌风 怯战蜥蜴&承蒙圣恩 3
0 1304 1.05 7.81 78 4 33
0 1355 0.96 4.74 71 7 43
0 1565 1.16 5.14 87 34 50
李梁超 MIOFMH 1
0 1285 1.04 7.81 79.82 82 41
霍金旭 Twistzz 1
0 2039 1.07 8.39 79 8 63
招俊锦 李知恩CCCCCC 3
0 1856 0.84 7.51 62.00 5 40
0 2096 1.18 8.83 86.55 20 60
0 2128 1.05 4.83 76.17 29 59
李志 沐浴中的小吱吱 3
0 1402 1.02 7.80 78.09 90 42
0 1720 1.05 5.00 76.84 192 44
0 1622 0.97 7.66 75.01 264 44
薛东岳 ElecTroMagiX 3
0 1701 1.21 5.0 87 20 70
0 1503 1.13 8.01 85 15 40
0 1818 1.22 8.75 92.86 66 53 
袁奔 B1essing 3
0 1588 1.02 7.67 73.44 9 33
0 1722 1.28 5.68 96 14 57
1 1874 1.23 12.65 80 12 83
虞嘉成 Jackeylov3 3
0 2165 1.31 10.17 95.46 35 71
0 2209 1.01 5.14 77.6 35 54
0 2047 1.02 5.38 78.72 32 53
任盼浩 exp1osion 3
0 1347 1.03 8.03 76.15 33 48
0 1413 1.05 4.83 78.31 67 51
0 1410 0.93 4.87 77.59 51 49
陈佳鸿 KissMyPy.mind 3
0 1991 1.08 5.21 81 97 45
0 2212 1.25 5.03 88 50 56
0 2452 1.14 8.42 84 181 45 2
魏思坤 哥们上vip咯 4
0 1883 1.15 8.49 88 38 53
0 1928 1.25 8.85 92 12 67
0 1754 1.34 5 99 24 50
1 2057 1.16 11.29 103 32 50
李建涵 晚上数星星 3
0 1518 1.12 5.36 81.45 69 45
0 1700 1.13 5.69 81.73 60 50
0 1890 1.23 9.58 91.71 51 41
庞竞泽 Onitake 3
0 2038 1.18 10.43 87.76 75 47
0 2237 1.17 10.84 87.02 157 43
0 2260 1.34 13.05 97.81 54 57
卢一龙 钢筋铁肘 3
0 2296 1.14 8.38 86.5 48 58
0 2067 1.2 5 87.5 12 42
0 2357 1.09 5.17 78.58 159 46
张徐 小梵高可汗 3
0 1678 1.13 8.98 83.5 86 47
0 1665 1.17 9.29 85.33 9 78
0 1457 1.18 4.98 87.03 31 45 
项雨恒 HB33 3
0 2065 1.35 5.76 96.58 19 37
0 2238 1.08 8.46 76.79 14 71
0 2432 1.04 4.81 76.97 91 49 0
林嘉桐 W-doubleu 3
0 2236 1.26 9.74 93 73 55
0 2124 1.11 8.16 84 32 53
0 2011 1.08 5.18 75 8 75
赵崧 /-山木公- 3
0 1801 1.04 8.00 77.50 16 25
0 1815 1.10 5.51 79.34 32 47
0 2087 1.12 5.02 79.39 119 49
张泉鹏 一个人也逍遥 3
0 1602 0.95 5.01 67 216 46
0 1659 0.96 7.9 71.18 195 48
0 1514 0.94 7.81 70.33 79 49 
伏煜 Simple_yuD 1
0 1512 1.14 8.32 87.89 54 41
蹇亦杰 周权～ 3
0 1496 0.93 7.26 71.76 45 44
0 1712 0.89 7.62 65.46 69 49
0 1674 1.14 5 75.17 6 83 
张梓聪 木辛弓长 3
0 1264 1.05 8.60 80.86 7 29
0 1298 0.74 5.0 52.29 7 29
0 1269 1.01 10.54 85 9 22 
李宗昊 7a阿七 3
0 2290 0.92 7.39 67.48 66 55
0 2345 0.95 7.66 70.84 398 45
0 2045 1.14 4.92 79.94 122 50
王少博 社% 2
0 2423 1.11 7.98 83.27 78 49 2
1 2241 1.26 13.17 89 8 50
纪亚旭 帅旭旭哥哥 3
0 1768 1.19 8.46 91.64 33 36
0 2157 1.15 8.13 87.85 140 45
0 1765 1.18 5 86.63 48 44
沈志坚 深圳olofmeister 3
0 1530 1.08 5.64 88.17 42 55
0 1413 1.13 5.99 90.92 53 45
0 1300 1.05 5.68 73.33 3 33 
汪李家闻 圣光怎么能叫脏呢 3
0 1957 1.14 8.20 85.19 146 47
0 1840 1.08 5.02 76.99 174 45
0 1706 0.93 4.57 70.91 96 49
徐海标 Hibo 3
0 2019 1.26 6.02 95.92 39 56
0 2042 1.07 8.05 82.22 9 67
0 2076 1.18 9.30 87.5 16 50
余卓洵 口水娃 3
0 2080 1.07 8.44 80.1 31 52
0 2298 1.00 7.75 72.6 106 46
0 1999 1.08 5.09 80 67 46
李青山 人生无处不青山 3
0 1108 1.06 5.09 78.21 14 29
0 1397 1.22 8.65 94.83 6 33
0 1475 0.96 7.45 71.59 34 50
姜春雷 少名针妙丸 3
0 1712 1.01 4.92 77.43 23 57
0 2403 0.84 7.36 59.14 80 76 0
0 1992 0.87 7.40 61.97 37 49
何承霖 邮差 3
0 1622 1.05 5 66.43 7 57
0 1807 1.14 8.35 85.65 20 75
0 1465 1 6.87 72.4 5 20
谭孟阳 上分如上班 3
0 1734 1.35 10.07 90 5 60
0 1864 1.17 8.38 87.55 22 59
1 1881 0.92 10.11 78 28 43
李远哲 三体人 3
0 2126 1.23 9.11 93.03 36 44
0 2451 1.02 7.70 76.85 103 54 1
0 2145 1.24 5.00 89.19 21 81
许江南 先有华为后有天 3
0 1985 1.2 5.5 87.80 52 46
0 2174 1.08 8 79.71 104 45
0 1857 1.39 5 98.96 26 54
孙寅鹏 Ceram1c 3
0 2110 1.11 8.33 83.2 60 55
0 2015 1.03 7.96 75.82 119 48
0 1956 1.07 5 76.33 30 50
梁皓鑫 H0shea 3
0 2059 1.29 5 92 17 71
0 2299 1.13 8.14 82 38 55
1 2290 1.26 12.2 86 7 86
周川辉 天上的云 3
0 1982 1.09 7.99 81.24 54 44
0 2177 1.08 8.09 81.22 72 44
0 1976 1.34 5.0 91.40 5 80
李云海 我是欧洲人 2
0 1729 1.04 7.59 81.52 44 50
1 1531 1.04 10.82 86 106 42
刁兆斌 2000s 3
0 1983 1.04 8.77 76.10 20 55
0 2215 1.05 8.19 78.39 77 49
0 2031 1.13 5.02 77.23 52 56