仅5e报名
庄原 香克斯 1
1 2300 13.48 83 5 100		
王洪刚 上分如上坟 1
1 2218 1.12 11.85 7 100
李博文 西兰卡斯 3
1 1306 1.22 13.21 14 57
1 1409 1.16 12.53 55 55
1 1536 1.07 11.88 36 50	
石其伟 描边大师-有聊 1
1 2439 0.91 9.65 78 196 43
刘文韬 余任飞 2
1 1892 1.21 11.65 88 8 50
1 1824 1.07 11.19 90 47 55

5e和完美都有分数的
胡晨羲 GeT__LeFt 1
1 1968 1.12 10.58 84 54 46
牛弘毅 能打胜仗。1
1 1695 0.96 9.72 73 37 57
刘彬元 东云皐月 1
1 2107 1.1 13.7 80 5 80
卢虹学 SUNBODY 1
1 1836 1.3 13.2 94 14 50
袁奔 Somewhereh 1
1 1874 1.23 12.65 80 12 83
魏思坤 哥们上vip咯 1
1 2167 1.15 11.74 105 21 52
王少博 以地那回不列特 1
1 2241 1.26 13.17 89 8 50
童泽华 尝尝龙神之剑吧 1
1 2407 1.25 12.81 97 76 55
谭孟阳 上分如上班 1
1 1811 0.92 10.11 78 28 43
梁皓鑫 LeoLiang 1
1 2290 1.26 12.2 86 7 86
李云海 Hainys 1
1 1531 1.04 10.82 86 106 42
