8
姜丽莹 用户5165976 1
0 1561 1.22 10.24 84.50 6 83
姜金浩 江南第一生禽 2
0 2196 1.27 9.61 93.70 23 57 
0 2302 1.18 8.59 88.12 33 55
高凡 八路克星贾队长 2
0 1606 1.16 8.92 87 112 48
1 1806 1.10 10.97 83 41 54
李海洋 无敌开心 1
0 1652 1.07 8.11 81.80 83 49
张澜 Lantian 3
0 1564 1.09 5.00 77.67 30 60
0 1623 1.15 9.07 86.73 11 82
0 1706 1.11 9.15 80.60 15 60
马悦晨 YC、YC 1
0 1393 1.13 8.39 82.20 5 40
魏子栋 pioneerlove 3
0 1841 1.13 8.99 86 117 51
0 1590 1.06 8.27 80 209 47
0 1433 1.15 5 83 144 44
杨耀成 对唔嗨住来迟左 1
0 1561 0.99 7.98 73.00 49 51